Matrix-Vector Multiplication Performance
----------------------------------------------------------------------------------
      Size   CPU Time (s)  BLAS Time (s)     CPU GFLOPS    BLAS GFLOPS   Theo. GFLOPS Residual Norm
----------------------------------------------------------------------------------
        10        2.5e-07       2.09e-07            0.8       0.956938            672              0
       100       6.67e-07       6.25e-07         29.985             32            672              0
       200       1.25e-06      1.209e-06             64        66.1704            672              0
       500      7.667e-06      5.584e-06        65.2146        89.5415            672              0
      1000      7.833e-06      9.708e-06         255.33        206.016            672              0
      2000     1.0875e-05     1.0833e-05        735.632        738.484            672              0
      4000     1.7458e-05     1.7416e-05        1832.97        1837.39            672              0
      5000     2.1292e-05     2.0125e-05         2348.3        2484.47            672              0
      8000     3.5667e-05        3.5e-05        3588.75        3657.14            672              0
     10000     3.9583e-05     3.9334e-05        5052.67        5084.66            672              0
----------------------------------------------------------------------------------
